%YAML:1.0
# General sensor definitions.
camera_id: camera_id

# Sensor extrinsics wrt. the body-frame.
T_BS:
  cols: 4
  rows: 4
  data: [0.0148655429818, -0.999880929698, 0.00414029679422, -0.0216401454975,
         0.999557249008, 0.0149672133247, 0.025715529948, -0.064676986768,
        -0.0257744366974, 0.00375618835797, 0.999660727178, 0.00981073058949,
         0.0, 0.0, 0.0, 1.0]

# Camera specific definitions.
rate_hz: 20
resolution: [244, 324] #752, 480
camera_model: pinhole
intrinsics: [458.654, 457.296, 122.000, 162.000] #fu, fv, cu, cv
distortion_model: radial-tangential
distortion_coefficients: [-0.28340811, 0.07395907, 0.00019359, 1.76187114e-05]

